projected_gradient_norm
0.0005875511154607
4.3744408889089545e-05
1.1104402822259551e-05
5.144248900607051e-05
29.22647052564023
0.0001311147935972
5.589200629514173
1.341460521801691e-16
7.799212354340883e-05
0.0036154137477018
5.076095629080735e-05
0.001802850309986
0.0002525316000687
5.644522578828696e-05
0.2691603272631709
0.0009154104284392
2.6155387283588807e-05
0.0017991013430841
9.713434974821088e-05
0.0003580876019604
0.0003475006203871
1.661352327374493e-05
0.000173356712911
0.0043286355589697
9.275920994309128e-16
1.92568639712249e-05
0.0001682476096342
7.267864571669502e-05
7.910095371386817
2.4381465387162803e-05
0.0022906464898736
0.0348411211454822
44.71346946024765
0.0004142878290386
8.851993651168115e-06
0.0059860853227489
3.053203714490412e-05
4.92784544521346e-05
1.805587653832836e-05
0.001905340981753
0.0013832758323147
0.0003093544998916
4.796622774733746e-06
4.3631316548001925e-06
3.7083950448780486e-16
0.0002068186626397
0.0032291844752474
0.0016283235403036
0.0026909824188459
5.485142311974152e-06
